"NKE.Close" "MRK.Close" "MMM.Close" "INTC.Close" "JNJ.Close" "CSCO.Close"
"1" 0.0407239802980925 0.0529981833361335 -0.0210001671781309 0.0151640474221117 -0.0170124035848659 0.0165453347632474
"2" 0.0805292597153398 0.0625907545542586 0.0659535438641186 -0.0168386474741988 0.0791169889624723 0.112630244551766
"3" -0.0250174947515746 -0.0353727325623471 0.0267238843018873 -0.00359118774609979 0.0191474021696048 -0.0111176418958455
"4" -0.00574197021352951 -0.0190431064047354 0.0235195732658802 0.00221796506792349 -0.008671232227911 0.00798819550260932
"5" -0.0436743909041689 0.0446012981036001 0.0441198943561263 -0.00110652829286162 0.0387138492045529 -0.0745523627825067
"6" 0.113417583943477 -0.0156658728971606 0.0181933828033776 -0.0656327591904525 0.0315009200779728 -0.0072947032256675
"7" 0.00084744067796616 -0.00327656441108215 -0.0337192176980717 0.0512744190115937 0.0032504952963448 0.004792396319246
"8" -0.105673126260341 -0.000313087033295467 0.015658443263493 -0.0112771634824596 -0.0026371759897742 0.0241652774510246
"9" -0.0181784317709064 0.00266204192511688 0.0273100372397697 0.0858284003421728 -0.0178288138486368 0.0440857511358506
"10" 0.0605593851710466 -0.139622038725942 0.0966651194854251 0.194590325914374 0.0723022026114222 0.0154624140510731
"11" 0.0987451500729168 0.00326738064984577 0.0562578604087245 -0.0142888980308243 -0.000573861256039976 0.0922400238805257
"12" 0.0352532451258936 0.0180929980097702 -0.0319569138436987 0.0294380017841211 0.00279910280917095 0.0268096521932883
"13" 0.0906475154380098 0.0529589479296249 0.0642817917381526 0.0428942590987871 -0.0109504651377722 0.0845953546891736
"14" -0.0174435939981882 -0.0848944978902954 -0.0598403393213572 0.0238887001223242 -0.0601345747140229 0.0779970611941005
"15" -0.00880198431749935 0.0046108446217108 -0.0678951693748709 0.0566037927246137 -0.0133200718617159 -0.0422063430595431
"16" 0.0293497432465459 0.0807783719335713 -0.114477061507342 -0.00883262254867045 -0.0129535394281797 0.0326416888002257
"17" 0.0498611500199029 0.0112111433873134 0.0146097896733874 0.0693530040556567 -0.0543125552108872 -0.0356740113869041
"18" 0.109749257252816 0.0196539899152359 -0.00258578821854261 -0.0994565561692652 0.0143788075310447 0.00749239071628161
"19" -0.0347640060240965 0.0851730134238382 0.0793005587672806 -0.0323878702954712 0.0921378635944574 -0.0171972581268245
"20" 0.068781598295067 0.0412933486582656 -0.00659386281953167 0.00686074872601861 0.0163748712232155 0.129581434628011
"21" 0.0306569840872379 0.0342616436367777 -0.000995595495880908 -0.0235391079909147 0.0258370773504035 0.0184216453841322
"22" -0.114258733306672 0.0376374249326916 -0.0970528751394327 -0.0086699088883504 0.0131722300524315 -0.0596094939523333
"23" 0.00106612471926804 0.077842615434824 0.0928203693056966 0.0518344698840769 0.0493605882791417 0.0463387759562841
"24" -0.0130458461243671 -0.036929570805625 -0.0835898670987867 -0.0482660910917443 -0.12151117582755 -0.0948401314986449
"25" 0.104397061025048 -0.0259128896263373 0.0512228947127127 0.0040485616876198 0.0312281976467681 0.0913916182140955
"26" 0.0470201043119236 0.0921671503426038 0.0353968841428325 0.123938882086988 0.0267508036256265 0.094734593048539
"27" -0.0177301288558219 0.0231270387116862 0.00188051498085984 0.0139728476958618 0.0230532349462329 0.0428820166119372
"28" 0.0429878048092602 -0.0536250944721678 -0.0879295605348425 -0.04953444972934 0.0100865875284792 0.0363029992108539
"29" -0.12171243033787 0.00635243306253885 -0.157036545750529 -0.137147332736142 -0.0711756601524574 -0.0700625903474068
"30" 0.0882810226637414 0.0585784504302291 0.0850703974960878 0.0869663467991293 0.0619901286461364 0.0518931587909506
"31" 0.0247766774786187 -0.0102564105010473 0.00796126128905628 0.055984960434196 -0.0650488086232683 0.012241951397771
"32" -0.0177844823641112 0.0419328001429762 -0.0744047614789105 -0.0621166975690742 -0.0142835200869027 -0.155054164077467
"33" 0.11147926627219 -0.026483184613355 0.0165718091975524 0.0869014764817548 0.00794643184834509 0.0555436646967813
"34" -0.04652890857174 0.0294607270135423 0.00358887482684467 0.0970308576951457 0.0205594983552519 -0.0384537947783848
"35" 0.0439977093021426 0.00600041513960714 0.028971445876373 0.0268883783281157 0.0412754641694051 -0.0463059796382227
"36" 0.0836453114481828 0.04324382885983 0.0391706063693089 0.0310077352456113 0.0609498123154479 0.0584859400025175
"37" -0.0494521281107911 -0.0605826847910725 -0.100668825537568 0.0681704617600822 0.0205662583316055 -0.0414928699227037
"38" -0.0718588347292159 -0.103932628653263 -0.0593722347315709 -0.131550132957923 -0.0966615132888262 -0.131390055875787
"39" -0.0742895415402621 0.00496347975348721 -0.0852989116423575 -0.0252161563400577 -0.024910701216856 -0.0155271475081392
"40" 0.0536620994358739 0.0311930587160629 0.112885529004671 0.108277921438986 0.144207940814156 0.0780971743043202
"41" 0.130763959623767 0.0173935602416717 0.0297525280378164 0.0491830610203401 -0.00859766102495096 0.128362408486022
"42" -0.00537633383290037 -0.0419970138503839 -0.00287648295990173 -0.049261051962498 -0.0545882016806722 -0.0246758887494771
"43" -0.00448752663475194 0.0376308796681526 -0.0353869082830018 -0.202239705758325 0.0364786305738949 0.00986275750134546
"44" 0.146296464027288 0.0626869282823264 0.0834053493493365 0.0674628326000419 0.0524835981230651 -0.10360928253118
"45" 0.121994835302483 -0.0272076941670352 -0.0174212423648328 0.0162904412896872 -0.0295287066155084 -0.0670298894592636
"46" -0.0434921057552008 -0.0933092016868909 -0.00137336752162309 -0.144843571742827 -0.079056982836614 -0.088601093896956
"47" 0.121752121556427 0.0688738208865021 0.0798323858537966 0.0919150653097351 0.0552110855866741 0.198328624048545
"48" 0.050259867489084 0.0175395449376732 0.0119261103902302 0.0304033518264055 0.0877800153059174 0.0402138540213852
